camera_matrix:
- - 20169.77392529072
  - 0.0
  - 1513.845097240279
- - 0.0
  - 20625.601676019367
  - 2019.4785486883718
- - 0.0
  - 0.0
  - 1.0
dist_coeffs:
- 3.2227828408446992
- -20.808644068340367
- -0.17864404245054927
- 0.009622645038678638
- -0.17095131221392956
image_width: 3024
image_height: 4032
rms: 3.8680107501313015
mean_reprojection_error: 0.5192924427423236
per_image_errors:
- 0.40757566938560635
- 0.5134122159070015
- 0.4749689126116304
- 0.6688695395274517
- 0.5316358762799283
pattern_inner_corners:
  cols: 9
  rows: 6
square_size_mm: 25.0
