camera_matrix:
- - 2665.6053728391926
  - 0.0
  - 1577.0106647460718
- - 0.0
  - 2693.381377410064
  - 2260.714482779155
- - 0.0
  - 0.0
  - 1.0
dist_coeffs:
- 0.22686544693115432
- -0.820686067282785
- 0.016623568979834462
- -0.005628587940733268
- 0.7033374874972407
image_width: 3024
image_height: 4032
rms: 4.561884021460589
mean_reprojection_error: 0.5932440818338836
per_image_errors:
- 0.3985428839407621
- 0.513819426461188
- 0.5207480853814797
- 0.7142536719229878
- 0.5386227817722269
- 1.0288638695357177
- 0.43749526440695163
- 0.4665141944609572
- 0.7776341544812821
- 0.5359464859752814
pattern_inner_corners:
  cols: 9
  rows: 6
square_size_mm: 25.0
